5.999999999999999778e-01 0.000000000000000000e+00
6.589910890220311845e-01 0.000000000000000000e+00
7.237820923507377602e-01 0.000000000000000000e+00
7.949432487547616333e-01 1.046467552037649157e-01
8.731008620126864406e-01 5.150992882205934764e-01
9.589428131396906529e-01 1.041533431801496823e+00
1.053224614567958239e+00 1.630972027649679079e+00
1.156776059564913028e+00 2.238974347871578896e+00
1.270508525412160195e+00 2.913661150319998505e+00
1.395422994621890567e+00 3.582744278012360617e+00
1.532618864787106183e+00 4.580531639899520613e+00
1.683303624602940696e+00 1.388146578091496863e+01
1.848803481219706724e+00 1.077529395586348926e+01
2.030575032461161999e+00 9.433072765695223794e+00
2.230218086637545838e+00 8.473896760682920970e+00
2.449489742783177881e+00 7.645018398928152159e+00
2.690319855241635860e+00 6.987988240310524901e+00
2.954828018705465187e+00 6.358195214098662618e+00
3.245342223199208398e+00 5.805471262219767503e+00
3.564419343192043677e+00 5.336492793323457384e+00
3.914867641168863877e+00 4.873115986602277516e+00
4.299771483718298981e+00 4.479862623510371122e+00
4.722518487668996734e+00 4.080322907315255598e+00
5.186829335192778778e+00 3.706103474765640282e+00
5.696790520283511405e+00 3.419760244151933914e+00
6.256890314820026333e+00 3.087614759846349255e+00
6.872058270757746890e+00 2.802863627057117668e+00
7.547708606115837604e+00 2.531357948907694499e+00
8.289787856608727523e+00 2.253455848333154155e+00
9.104827212313656659e+00 2.011077240667971999e+00
1.000000000000000178e+01 1.805418020807733281e+00
