1.999999999999999778e+00 3.371135262891161721e-02
2.110226127072455160e+00 2.102163539971899087e-01
2.226527153689606742e+00 4.051040444514518168e-01
2.349237886176037904e+00 6.053045445710180106e-01
2.478711583058570866e+00 8.112485677217916580e-01
2.615320972023661206e+00 1.013335207481508293e+00
2.759459322922429347e+00 1.229960497893675342e+00
2.911541579912289013e+00 1.427059297766287704e+00
3.072005555994363313e+00 1.621382479808722188e+00
3.241313193385524816e+00 1.817937432841367995e+00
3.419951893353393668e+00 2.040389141764949343e+00
3.608435919342621645e+00 1.780036880359534507e+03
3.807307877431756804e+00 1.271303141034340882e+02
4.017140278382632879e+00 4.944514901786616434e+01
4.238537185779073901e+00 2.812323219108051475e+01
4.472135954999579610e+00 2.369319082060885151e+01
4.718609068030119147e+00 1.820934225607398460e+01
4.978666069399081628e+00 1.517379883752180270e+01
5.253055608807533972e+00 1.272573428359561554e+01
5.542567596335080893e+00 1.119486147302143664e+01
5.848035476425731183e+00 9.746606749518369028e+00
6.170338627200095516e+00 8.567608850079331262e+00
6.510404892001014687e+00 7.655205898016524735e+00
6.869213250460433962e+00 6.806795794221244478e+00
7.247796636776953960e+00 6.092292168907052385e+00
7.647244913317299719e+00 5.465507437933510460e+00
8.068708008102049689e+00 4.906805948032443077e+00
8.513399225207846754e+00 4.485004679288828733e+00
8.982598737615996143e+00 3.975596229819352345e+00
9.477657272562664659e+00 3.578496009599888783e+00
1.000000000000000178e+01 3.284518376203737322e+00
