4.000000000000000222e-01 2.419369943007955784e-03
4.453054307379213927e-01 3.429303971102721227e-01
4.957423166117142510e-01 8.923007895085860453e-01
5.518918645844859139e-01 1.590949201813792513e+00
6.144011111988727514e-01 2.410397140631589163e+00
6.839903786706789113e-01 3.339795854953218956e+00
7.614615754863515162e-01 4.402055241538119112e+00
8.477074371558149801e-01 5.743948910544712128e+00
9.437218136060239182e-01 9.827163462465193788e+00
1.050611121761507061e+00 8.994525496410174625e+00
1.169607095285146503e+00 8.314146937921982783e+00
1.302080978400202982e+00 7.802584965423753793e+00
1.449559327355391281e+00 7.261250189866705895e+00
1.613741601620410027e+00 6.810256157534610111e+00
1.796519747523199539e+00 6.339187049525915718e+00
2.000000000000000444e+00 5.913145093007625697e+00
2.226527153689607186e+00 5.525398991783286640e+00
2.478711583058571311e+00 5.157772016261000125e+00
2.759459322922430680e+00 4.774943790095019125e+00
3.072005555994363757e+00 4.431466457955832716e+00
3.419951893353393668e+00 4.080986637631138336e+00
3.807307877431757692e+00 3.758251650905069852e+00
4.238537185779073901e+00 3.428471321287093421e+00
4.718609068030120035e+00 3.137445077896462653e+00
5.253055608807533972e+00 2.852018300632387149e+00
5.848035476425733847e+00 2.585317329877623305e+00
6.510404892001014687e+00 2.327990897972014750e+00
7.247796636776957513e+00 2.068693620624878715e+00
8.068708008102049689e+00 1.841503447332685450e+00
8.982598737615999696e+00 1.615600316464615993e+00
1.000000000000000178e+01 1.416648487055482297e+00
