2.000000000000000389e-01 0.000000000000000000e+00
2.278569758907834641e-01 0.000000000000000000e+00
2.595940073104653911e-01 1.287495526965326265e-01
2.957515273256628441e-01 6.515495105527298048e-01
3.369452431575296614e-01 1.358499231521239858e+00
3.838766207332969249e-01 2.277732531595445309e+00
4.373448295773113004e-01 3.407754393952541871e+00
4.982603514447810911e-01 4.910877115397150661e+00
5.676604844324337762e-01 9.201777874853661388e+00
6.467270065773574883e-01 8.475588890712247192e+00
7.368062997280774296e-01 7.920364118201741022e+00
8.394322763665895692e-01 7.478479851691665736e+00
9.563524997900371138e-01 7.016632511065451716e+00
1.089557942438744709e+00 6.547643216344490646e+00
1.241316889109383537e+00 6.160634779900545865e+00
1.414213562373095368e+00 5.731695962524087307e+00
1.611192127930326734e+00 5.351161353944387855e+00
1.835606829246202443e+00 4.968684935035007300e+00
2.091279105182546783e+00 4.578696337551772189e+00
2.382562663252393076e+00 4.248237546642231521e+00
2.714417616594906324e+00 3.877311287640826443e+00
3.092494947109918346e+00 3.551754654043020931e+00
3.523232733029971087e+00 3.193580945142739935e+00
4.013965779538145817e+00 2.874391386565037010e+00
4.573050519273264669e+00 2.577207990465667287e+00
5.210007309586914381e+00 2.291091790467148392e+00
5.935682549656753793e+00 2.012693927617775991e+00
6.762433378062414846e+00 1.782654940293427082e+00
7.704338095940984843e+00 1.531508196575376735e+00
8.777435898906345457e+00 1.290379207252483784e+00
1.000000000000000178e+01 1.103236372388196163e+00
